AEGIS-WITNESS v1-CIS
model 23cfad0a3c7de2b676e176755f0848cd2cad8e71e2cdffea3d903a232c96e973
embed 3752cd5ca2e39593cdf0910968f8ff629d79417f253e33e1a1c4faa0ce33848e
vocab 5a1d79caf517084a73de5e5379d2995e61f23afaada91822da12ecb4ad7fcd8a
maxtok 64
prompt-hex 4f6e63652075706f6e20612074696d65
prompt-toks 4
gen-toks 64
token-ids 12,407,283,259,397,484,408,411,14,341,366,259,347,12,678,483,388,398,510,266,326,331,14,535,329,12,398,389,259,567,12,1070,835,354,338,483,14,285,835,283,386,567,267,366,670,2284,14,411,589,263,835,283,3071,12,404,398,719,266,326,331,311,14,199,674
cis-digest 67e8c0a96abc04e1
chain aee25b770bd7b22eea2ea8476bbd949881d58a98d6dc3085c7cc94d322b1961b
