AEGIS-WITNESS v1-CIS
model a44e48965c641b81994a670001c76a8bebd38857f9455cc5008acac8d2b2897a
embed 8cbcd6b69df03539cd4638440fb903910325b7f6853349c5bb5778e413fafef0
vocab a4cafc9649488987a8eb053476d389bd9a675405c51bfc42ebded546ae64eb17
maxtok 50
prompt-hex 513a2057686174206973206120726563656970742c20616e6420686f772063616e20736f6d656f6e6520636865636b207768617420796f7520736169643f0a413a
prompt-toks 19
gen-toks 50
token-ids 577,1314,322,259,2728,2617,3955,26,1055,12,11748,283,7189,11485,12,276,3053,287,2000,12,276,4359,221,2168,12,259,6070,283,259,2530,14,1582,11686,356,357,742,1883,3770,6150,4243,276,2530,1319,363,3213,262,259,2216,14,0
cis-digest b14a9d31b0fed40c
chain d1547f47376f655dc1add00d31fdb87148c136b219701c0a24aa9d32e87a9bc2
